-0.1112573  -0.01392988 -0.01325626 -0.04541831  0.0134058  -0.06719541
 -0.01678593 -0.08626074  0.18928662 -0.12278429  0.20894842 -0.01192097
 -0.25082844 -0.07721371 -0.03455108  0.04400995 -0.10459157 -0.10961893
 -0.07917453 -0.0787795   0.02239473  0.05813653  0.01253619  0.06635135
 -0.1652355  -0.28344843 -0.08191042 -0.12430991  0.0358686  -0.07565282
 -0.00904498 -0.01414974 -0.20583451 -0.04069309  0.00897092  0.08336616
 -0.01685377  0.01836641  0.21342143  0.0401304  -0.11831979 -0.06866432
  0.0383224   0.25276229  0.15399992  0.05874551  0.01837229 -0.126616
  0.08925411 -0.29763487  0.11618917  0.12923515  0.07871264  0.05030077
  0.13982397 -0.1676259  -0.00318031  0.08964217 -0.16953067  0.14646514
  0.02156919  0.05173666 -0.05635674  0.03710956  0.20117413  0.0527838
 -0.13610543 -0.07127339  0.15050949 -0.24830127 -0.01237796  0.12922619
  0.00353942 -0.23839951 -0.25144967  0.02863228  0.45378533  0.17631535
 -0.17085195  0.09540661 -0.1176649  -0.1002672   0.16143973 -0.01276341
 -0.07041108  0.04209495 -0.1057866   0.0605435   0.22149822  0.03942611
 -0.01020679  0.21800213  0.00282067  0.03761207  0.08185182  0.07708983
 -0.09917556 -0.03967779 -0.10667429 -0.0286173   0.10066812 -0.07398788
  0.02068637  0.02803171 -0.17304055  0.17660321  0.03550392 -0.08274606
  0.0244364   0.04037742 -0.1380306  -0.02710789  0.15488115 -0.30302602
  0.18987271  0.09523964  0.00129635  0.18638423  0.0459957   0.0609063
  0.00726744 -0.04006147 -0.10371848 -0.10229047 -0.03759183 -0.01306163
  0.1131276   0.01206794