-0.13798463 -0.0021214  -0.01104153 -0.05384542  0.02318    -0.04971715
  0.02585261 -0.08592907  0.23200013 -0.10094459  0.24241954 -0.03429652
 -0.28528002 -0.09674229 -0.04312256  0.06141059 -0.16427743 -0.08622538
 -0.09886252 -0.07302126  0.03311601  0.04116918  0.05177941  0.06510285
 -0.1672423  -0.30849227 -0.08825108 -0.12710613  0.030758   -0.0850465
  0.00904415  0.0295372  -0.20882939 -0.06668828 -0.01518912  0.10327087
 -0.00686533 -0.00850803  0.17414209  0.02486871 -0.09158596 -0.06153761
  0.02929911  0.2339147   0.19069336  0.05381403  0.0021041  -0.12224668
  0.06643323 -0.29678434  0.08157395  0.1220165   0.06603236  0.04831725
  0.14546919 -0.15584239 -0.0082123   0.10540628 -0.14067875  0.12299272
  0.0079927   0.0378016  -0.05158297  0.04736622  0.19823679  0.06907286
 -0.14488198 -0.06911437  0.17753324 -0.20063896 -0.02773091  0.12005655
 -0.02272648 -0.22669756 -0.23094113  0.03561043  0.49246049  0.13519171
 -0.20053847  0.08176678 -0.14270586 -0.08946752  0.13917986  0.02093958
 -0.06095209 -0.00084785 -0.14420576  0.03580322  0.19620767  0.04843953
 -0.04209584  0.23533982 -0.00255203  0.0330955   0.10438408  0.05987098
 -0.0982056  -0.01766583 -0.12804665 -0.0671697   0.1250701  -0.07940056
 -0.03503478  0.02341166 -0.12445913  0.17093508  0.0505346  -0.05772421
  0.05132993  0.01115811 -0.11644084  0.00583221  0.16449998 -0.31768465
  0.19952555  0.09393459 -0.01186596  0.19413556  0.04567105  0.09624238
  0.02143756 -0.00846269 -0.10181519 -0.10670064 -0.03156757 -0.00965133
  0.10256732  0.00266038