[-0.14191867  0.0665684   0.03100054 -0.02380062  0.01110885  0.01389864
 -0.02138612 -0.06760489  0.23032434 -0.10216258  0.2103913   0.00083285
 -0.2670697  -0.07926118 -0.02747921  0.11548284 -0.1280698  -0.14781085
 -0.06542632 -0.02539629  0.04294352  0.0668719  -0.04196563  0.07783654
 -0.16055073 -0.31716025 -0.05503614 -0.14410491 -0.04735322 -0.08368302
 -0.01813405  0.01164951 -0.18707934 -0.04253812 -0.03693603  0.10892064
  0.00565132  0.0068999   0.1641932   0.04712123 -0.13735642 -0.04177812
 -0.00457396  0.23424289  0.16909289  0.00853527  0.03468019 -0.09357516
  0.06114135 -0.28933749  0.0410105   0.1412687   0.10120685  0.09897108
  0.08680525 -0.1920349  -0.00211886  0.05707209 -0.17913845  0.10773175
 -0.01772751  0.02627692 -0.01529052  0.07988175  0.20534791  0.05599144
 -0.13278756 -0.0627865   0.16220985 -0.1877787  -0.03823546  0.08868915
 -0.0610905  -0.25969326 -0.29098156  0.07533219  0.43988189  0.13062629
 -0.23684207  0.0724795  -0.10219    -0.06879997  0.09195857  0.0241808
 -0.06411356  0.04428375 -0.11359444  0.04787216  0.21799496  0.06557034
 -0.02071389  0.24629371  0.01297517  0.02021761  0.11604314  0.12315875
 -0.00792922 -0.04250367 -0.11684658 -0.01403545  0.08498533 -0.09741034
 -0.02873489  0.04195556 -0.16983245  0.16314191  0.03545915 -0.0526983
 -0.02578915  0.05757755 -0.15696198 -0.0059656   0.21665305 -0.2559315
  0.18492572  0.13275853 -0.02343708  0.18438041  0.05182523  0.08581576
 -0.02477999 -0.05049388 -0.10225287 -0.10685446  0.01181565  0.00187068
  0.08507071  0.04872449]